
If I want to heat fit, make a hole:
8.7mm on the 17th spur gear
gear teeth are 5mm wide


https://geargenerator.com/#200,200,100,6,1,3,2729.699999999769,4,1,5,1.25,4,27,-90,0,0,0,0,0,0,24,6,4,27,-60,0,0,0,0,1,1,6,0.5,12,20,-60,0,0,0,0,2,0,63,5.25,12,20,0,1,0,0,0,0,0,3,-1179


https://geargenerator.com/#200,200,100,6,1,3,29888.09999997426,4,1,5,1.25,4,27,-90,0,0,0,0,0,0,24,6,4,27,-60,0,0,0,0,1,1,6,0.5,12,20,-60,0,0,0,0,2,0,63,5.25,12,20,0,0,0,0,0,0,0,3,-1153




https://geargenerator.com/#200,200,100,6,1,2,53453.69999991711,4,1,5,1.25,4,27,-90,0,0,0,0,0,0,24,6,4,27,-60,0,0,0,0,1,1,7,0.5833333333333334,12,20,-60,0,0,0,0,2,0,63,5.25,12,20,0,0,0,0,0,0,0,3,-726

